308.372149, 19330.603988
309.74033, 17871.797753
310.654702, 16541.691849
311.569883, 15082.861317
312.480744, 14310.562138
313.391605, 13538.262959
314.757627, 12422.7224
315.668489, 11650.42322
316.577999, 11092.665089
317.486162, 10749.448006
318.395133, 10277.506294
319.756835, 9848.497089
320.664728, 9548.188215
321.571809, 9376.603971
322.478621, 9247.927935
323.387052, 8861.802643
324.746596, 8776.059114
325.653408, 8647.383079
326.56022, 8518.707044
327.466491, 8475.847427
328.372493, 8475.896021
329.731766, 8433.060703
330.638037, 8390.201087
331.544039, 8390.24968
332.450042, 8390.298274
333.809045, 8390.371165
334.714777, 8433.327968
335.620509, 8476.284771
336.526241, 8519.241574
337.431973, 8562.198378
338.790436, 8648.087687
339.696168, 8691.044491
340.60163, 8776.909503
341.507362, 8819.866307
342.413094, 8862.82311
343.771287, 8991.620629
344.677019, 9034.577432
345.582481, 9120.442445
346.488213, 9163.399249
347.393675, 9249.264261
348.751868, 9378.061781
349.6576, 9421.018584
350.562792, 9549.791807
351.468524, 9592.74861
352.373986, 9678.613623
353.732449, 9764.502932
354.637911, 9850.367945
355.543642, 9893.324748
356.449645, 9893.373342
357.808378, 9936.354442
358.71438, 9936.403036
359.620382, 9936.45163
360.526654, 9893.592014
361.433196, 9807.824188
362.792739, 9722.080659
363.699011, 9679.221042
364.605283, 9636.361428
365.511825, 9550.593602
366.418097, 9507.733986
367.777099, 9507.806877
368.683101, 9507.85547
369.589103, 9507.904064
370.495105, 9507.952658
371.401107, 9508.001251
372.76038, 9465.165932
373.666382, 9465.214526
374.572384, 9465.26312
375.478656, 9422.403503
376.385468, 9293.727468
377.74555, 9122.167521
378.652363, 8993.491485
379.559714, 8778.999031
380.467336, 8521.598367
381.374958, 8264.197703
382.73693, 7792.280288
383.644822, 7491.971415
384.552714, 7191.662541
385.460336, 6934.261877
386.824738, 6076.170576
387.73182, 5904.586331
388.638631, 5775.910296
389.546523, 5475.601423
390.453605, 5304.017178
391.814228, 5046.640811
392.72077, 4960.872985
393.627311, 4875.10516
394.533583, 4832.245544
395.439585, 4832.294137
396.798588, 4832.367028
397.70459, 4832.415622
398.610592, 4832.464215
399.516594, 4832.512808
400.422326, 4875.469612
401.781059, 4918.450712
402.686791, 4961.407516
403.592523, 5004.364319
404.498524, 5004.412913
405.404256, 5047.369716
406.762449, 5176.167235
407.667911, 5262.032248
408.573914, 5262.080842
409.479376, 5347.945855
410.384298, 5519.627287
411.742491, 5648.424806
412.647683, 5777.198028
413.552875, 5905.971251
414.458068, 6034.744473
415.815721, 6249.358412
416.721183, 6335.223425
417.625565, 6592.721276
418.531027, 6678.586288
419.436219, 6807.359511
420.794142, 6979.06524
421.699334, 7107.838462
422.604796, 7193.703475
423.510257, 7279.568487
424.415719, 7365.433501
425.774182, 7451.322811
426.679915, 7494.279614
427.585647, 7537.236416
428.491649, 7537.285011
429.397381, 7580.241814
430.756114, 7623.222914
431.662116, 7623.271508
432.567848, 7666.228311
433.47358, 7709.185115
434.379042, 7795.050127
435.737235, 7923.847647
436.642697, 8009.71266
437.547889, 8138.485882
438.453351, 8224.350895
439.811274, 8396.056624
440.715926, 8610.646265
441.620849, 8782.327697
442.526041, 8911.10092
443.431233, 9039.874142
444.788616, 9297.39629
445.693808, 9426.169513
446.59927, 9512.034526
447.504732, 9597.899538
448.410194, 9683.764552
449.768657, 9769.653861
450.674659, 9769.702455
451.580661, 9769.751049
452.487203, 9683.983223
453.393745, 9598.215398
454.753828, 9426.65545
455.660639, 9297.979415
456.567991, 9083.48696
457.475073, 8911.902715
458.382695, 8654.502052
459.743317, 8397.125684
460.650129, 8268.449649
461.557211, 8096.865405
462.464563, 7882.37295
463.824376, 7753.721212
464.730648, 7710.861596
465.63719, 7625.093771
466.543461, 7582.234155
467.449463, 7582.282748
468.808466, 7582.355639
469.714468, 7582.404233
470.6202, 7625.361036
471.525662, 7711.226049
472.431394, 7754.182852
473.790127, 7797.163952
474.695859, 7840.120755
475.601861, 7840.169349
476.507863, 7840.217943
477.413865, 7840.266535
478.772867, 7840.339427
479.679409, 7754.571601
480.585952, 7668.803776
481.492494, 7583.03595
482.399576, 7411.451705
483.760738, 7068.258919
484.667819, 6896.674674
485.575712, 6596.365801
486.483604, 6296.056927
487.391225, 6038.656264
488.754008, 5438.01422
489.662169, 5094.797137
490.571141, 4622.855424
491.479033, 4322.546551
492.387464, 3936.421259
493.749437, 3464.503843
494.657599, 3121.28676
495.56657, 2649.345048
496.473652, 2477.760804
496.019841, 2606.461136
496.473652, 2477.760804
497.381274, 2220.36014
498.743246, 1748.442725
499.649788, 1662.674899
500.5566, 1533.998864
501.463682, 1362.414619
502.824034, 1147.946462
503.730576, 1062.178636
504.637388, 933.5026
505.54366, 890.642985
506.450202, 804.87516
507.809475, 762.039841
508.715747, 719.180225
509.622018, 676.320609
510.52829, 633.460993
511.434563, 590.601377
512.793566, 590.674268
513.699838, 547.814652
514.60611, 504.955036
515.512111, 505.003629
516.418113, 505.052223
517.777386, 462.216904
518.683387, 462.265498
519.589389, 462.314091
520.495392, 462.362685
521.401664, 419.503069
522.760937, 376.667749
523.666939, 376.716343
524.572941, 376.764937
525.478943, 376.813531
526.384945, 376.862125
527.743948, 376.935015
528.64995, 376.983609
529.555952, 377.032202
530.461954, 377.080796
531.821227, 334.245477
532.727229, 334.294071
533.63323, 334.342664
534.539502, 291.483048
535.445504, 291.531642
536.804507, 291.604533
537.710509, 291.653125
538.616511, 291.70172
539.522513, 291.750314
540.428515, 291.798907
541.787788, 248.963588
542.69379, 249.012182
543.599791, 249.060775
544.505793, 249.109369
545.411796, 249.157963
546.770799, 249.230853
547.676801, 249.279447
548.582803, 249.328041
549.488805, 249.376634
550.394807, 249.425228
551.75381, 249.498119
552.659812, 249.546711
553.566084, 206.687096
554.472084, 206.73569
555.378087, 206.784284
556.73709, 206.857174
557.643092, 206.905768
558.549094, 206.954361
559.455096, 207.002955
560.814099, 207.075846
561.720371, 164.21623
562.626373, 164.264823
563.532375, 164.313417
564.438377, 164.362011
565.79738, 164.434901
566.703382, 164.483495
567.609384, 164.532089
568.515386, 164.580682
569.421387, 164.629276
570.78039, 164.702166
571.686663, 121.84255
572.592665, 121.891144
573.498667, 121.939738
574.404669, 121.988331
575.763671, 122.061221
576.669673, 122.109816
577.575675, 122.158409
578.481677, 122.207003
579.387678, 122.255597
580.746681, 122.328487
581.652684, 122.377081
582.558686, 122.425673
583.464688, 122.474268
584.823691, 122.547159
585.729693, 122.595752
586.635965, 79.736136
587.541967, 79.78473
588.447969, 79.833324
589.806972, 79.906213
590.712974, 79.954807
591.618976, 80.003402
592.524978, 80.051995
593.43098, 80.100589
594.789982, 80.173479
595.695984, 80.222073
596.601986, 80.270667
597.507988, 80.319259
598.41399, 80.367854
599.772993, 80.440745
600.678995, 80.489338
601.584997, 80.537932
602.490999, 80.586526
603.397001, 80.635119
604.756004, 80.70801
605.662005, 80.756603
606.568007, 80.805197
607.47401, 80.853791
608.380012, 80.902384
609.739015, 80.975275
610.645017, 81.023869
611.551019, 81.072462
612.457021, 81.121056
613.816024, 81.193946
614.722026, 81.24254
615.628028, 81.291134
616.53403, 81.339727
617.440032, 81.388321
618.799034, 81.461212
619.705036, 81.509805
620.611038, 81.558399
621.51704, 81.606993
622.423042, 81.655586
623.782045, 81.728477
624.688047, 81.77707
625.594049, 81.825664
626.500051, 81.874258
627.406053, 81.922851
628.765056, 81.995742
629.671058, 82.044336
630.57706, 82.092929
631.483061, 82.141523
632.389064, 82.190117
633.748067, 82.263007
634.654069, 82.311601
635.560071, 82.360194
636.466073, 82.408788
637.825076, 82.481679
638.731078, 82.530272
639.63708, 82.578866
640.543081, 82.62746
641.449083, 82.676053
642.808085, 82.748944
643.714087, 82.797537
644.62009, 82.846131
645.526092, 82.894725
646.432094, 82.943319
647.791097, 83.016209
648.697099, 83.064803
649.603101, 83.113396
650.509373, 40.25378
651.415375, 40.302374
652.774378, 40.375265
653.68038, 40.423858
654.586382, 40.472452
655.492384, 40.521046
656.398386, 40.569639
657.757388, 40.64253
658.66339, 40.691123
659.569393, 40.739717
660.475395, 40.788311
661.381397, 40.836904
662.740399, 40.909795
663.646401, 40.958389
664.552403, 41.006982
665.458405, 41.055576
666.817408, 41.128466
667.723409, 41.17706
668.629411, 41.225654
669.535413, 41.274247
670.441416, 41.322841
671.800419, 41.395732
672.706421, 41.444325
673.612423, 41.492919
674.518425, 41.541513
675.424427, 41.590106
676.78343, 41.662996
677.689432, 41.71159
678.595434, 41.760184
679.501436, 41.808778
680.407438, 41.857372
681.766441, 41.930262
682.672443, 41.978856
683.578444, 42.027449
684.484446, 42.076043
685.390448, 42.124636
686.749451, 42.197527
687.655453, 42.246121
688.561455, 42.294715
689.467457, 42.343308
690.373459, 42.391902
691.732462, 42.464792
692.638464, 42.513386
693.544466, 42.56198
694.450467, 42.610573
695.809471, 42.683463
696.715473, 42.732057
697.621475, 42.780651
698.527477, 42.829245
699.433479, 42.877839
700.792482, 42.950729
701.698484, 42.999323
702.604486, 43.047916
703.510488, 43.09651
704.41649, 43.145104
705.775493, 43.217994
706.681494, 43.266588
707.587496, 43.315182
